Position	ANC	DER	ALT	CDX	CEU	CHB	CHS	FIN	GBR	IBS	JPT	KHV	TSI
113263294	A	G	1.0	0.0	0.0	0.0	0.0	0.0	0.0	0.0	0.0	0.0	0.009346
113321670	A	G	1.0	0.010753	0.0	0.0	0.004762	0.0	0.0	0.0	0.0	0.010101	0.0
113339227	T	C	0.5	0.0	0.025253	0.004854	0.004762	0.050505	0.021978	0.028037	0.024038	0.0	0.023364
113341598	C	T	1.0	0.0	0.191919	0.004854	0.004762	0.20202	0.208791	0.149533	0.024038	0.0	0.233645
113343375	G	C	1.0	0.0	0.191919	0.004854	0.004762	0.20202	0.208791	0.149533	0.024038	0.0	0.233645
113343563	G	A	1.0	0.0	0.191919	0.004854	0.004762	0.20202	0.208791	0.149533	0.024038	0.0	0.233645
113345167	C	A	1.0	0.0	0.186869	0.004854	0.004762	0.20202	0.203297	0.149533	0.024038	0.0	0.242991
113350796	T	G	1.0	0.252688	0.353535	0.305825	0.214286	0.277778	0.351648	0.32243	0.163462	0.343434	0.411215
113358791	C	T	1.0	0.247312	0.353535	0.300971	0.214286	0.277778	0.351648	0.32243	0.163462	0.328283	0.411215
113358794	T	C	1.0	0.247312	0.353535	0.300971	0.214286	0.277778	0.351648	0.32243	0.163462	0.338384	0.411215
113360468	T	C	1.0	0.247312	0.353535	0.305825	0.214286	0.277778	0.351648	0.32243	0.158654	0.343434	0.415888
113360563	C	T	1.0	0.247312	0.353535	0.305825	0.214286	0.277778	0.351648	0.32243	0.158654	0.333333	0.415888
113360575	C	T	1.0	0.247312	0.353535	0.305825	0.214286	0.277778	0.351648	0.32243	0.158654	0.333333	0.415888
113360786	C	T	1.0	0.247312	0.353535	0.305825	0.214286	0.277778	0.351648	0.32243	0.158654	0.333333	0.415888
113361158	T	C	1.0	0.241935	0.353535	0.305825	0.214286	0.277778	0.351648	0.32243	0.158654	0.343434	0.415888
113362751	G	C	1.0	0.247312	0.378788	0.305825	0.214286	0.277778	0.368132	0.359813	0.158654	0.333333	0.439252
113371523	C	G	1.0	0.247312	0.383838	0.305825	0.214286	0.277778	0.368132	0.359813	0.158654	0.333333	0.439252
113372961	G	C	1.0	0.247312	0.383838	0.305825	0.214286	0.277778	0.368132	0.359813	0.158654	0.333333	0.439252
113373563	G	A	1.0	0.252688	0.383838	0.305825	0.214286	0.277778	0.368132	0.359813	0.158654	0.333333	0.439252
113376913	A	T	1.0	0.252688	0.378788	0.305825	0.214286	0.277778	0.362637	0.359813	0.158654	0.333333	0.434579
113379123	C	T	1.0	0.252688	0.373737	0.296117	0.209524	0.277778	0.362637	0.359813	0.158654	0.333333	0.434579
113386950	C	T	1.0	0.075269	0.353535	0.121359	0.061905	0.227273	0.318681	0.331776	0.105769	0.075758	0.401869
113405181	C	A	1.0	0.075269	0.353535	0.121359	0.061905	0.227273	0.318681	0.331776	0.105769	0.075758	0.401869
113406460	C	G	0.5	0.075269	0.353535	0.121359	0.061905	0.227273	0.318681	0.331776	0.105769	0.075758	0.401869
113406945	A	T	0.5	0.075269	0.353535	0.121359	0.061905	0.227273	0.318681	0.331776	0.105769	0.075758	0.401869
113410316	A	G	0.5	0.075269	0.353535	0.121359	0.061905	0.227273	0.318681	0.331776	0.105769	0.075758	0.401869
113425154	G	C	0.5	0.080645	0.358586	0.121359	0.057143	0.222222	0.318681	0.327103	0.096154	0.075758	0.392523
113435109	G	A	0.5	0.0	0.343434	0.0	0.0	0.222222	0.335165	0.317757	0.0	0.0	0.369159
113437706	T	C	0.5	0.0	0.338384	0.0	0.0	0.217172	0.32967	0.308411	0.009615	0.0	0.369159
113439622	G	A	1.0	0.0	0.343434	0.0	0.0	0.217172	0.324176	0.303738	0.009615	0.0	0.369159
113439881	A	G	1.0	0.0	0.343434	0.0	0.0	0.217172	0.324176	0.303738	0.009615	0.0	0.369159
113444024	C	T	1.0	0.0	0.348485	0.004854	0.0	0.222222	0.32967	0.28972	0.009615	0.0	0.350467
113447572	T	C	1.0	0.0	0.373737	0.004854	0.0	0.242424	0.395604	0.35514	0.009615	0.0	0.425234
113472014	T	G	0.5	0.0	0.378788	0.004854	0.0	0.257576	0.401099	0.364486	0.009615	0.0	0.411215
113476242	G	A	0.5	0.0	0.0	0.0	0.0	0.0	0.005495	0.0	0.0	0.0	0.0
113479281	T	C	1.0	0.010753	0.242424	0.019417	0.009524	0.116162	0.236264	0.271028	0.019231	0.005051	0.285047
113481117	C	G	1.0	0.043011	0.247475	0.019417	0.009524	0.116162	0.236264	0.271028	0.024038	0.015152	0.285047
113501433	G	A	1.0	0.043011	0.227273	0.019417	0.009524	0.080808	0.230769	0.28972	0.019231	0.015152	0.303738
113501544	G	A	1.0	0.043011	0.227273	0.019417	0.009524	0.080808	0.236264	0.28972	0.019231	0.015152	0.303738
113504725	C	T	1.0	0.043011	0.227273	0.019417	0.009524	0.080808	0.247253	0.299065	0.019231	0.015152	0.313084
113505896	C	A	1.0	0.043011	0.227273	0.019417	0.009524	0.080808	0.247253	0.299065	0.019231	0.015152	0.317757
113512945	C	T	1.0	0.043011	0.272727	0.019417	0.009524	0.141414	0.357143	0.35514	0.019231	0.015152	0.35514
113532885	C	T	1.0	0.0	0.126263	0.0	0.0	0.141414	0.159341	0.126168	0.004808	0.0	0.200935
113536834	T	G	0.5	0.0	0.131313	0.0	0.0	0.141414	0.159341	0.126168	0.0	0.0	0.200935
113554946	G	A	1.0	0.0	0.131313	0.0	0.0	0.141414	0.153846	0.126168	0.0	0.0	0.200935
113556805	C	G	1.0	0.0	0.131313	0.0	0.0	0.141414	0.159341	0.126168	0.0	0.0	0.200935
113560511	A	T	1.0	0.0	0.131313	0.0	0.0	0.141414	0.159341	0.126168	0.0	0.0	0.200935
113565933	G	A	1.0	0.0	0.050505	0.0	0.0	0.080808	0.06044	0.074766	0.0	0.0	0.084112
113570916	C	T	1.0	0.0	0.050505	0.0	0.0	0.080808	0.06044	0.074766	0.0	0.0	0.084112
113573457	C	G	1.0	0.0	0.050505	0.0	0.0	0.080808	0.06044	0.074766	0.0	0.0	0.084112
113579313	C	T	1.0	0.0	0.045455	0.0	0.0	0.080808	0.06044	0.070093	0.0	0.0	0.084112
113590470	T	G	1.0	0.0	0.055556	0.0	0.0	0.131313	0.06044	0.065421	0.0	0.0	0.093458
113596866	G	A	0.5	0.0	0.055556	0.0	0.0	0.131313	0.06044	0.065421	0.0	0.0	0.088785
