Chrom   Position    ANC DER Altai   CEU-frequency   Hanc    Hder
12	113350796	T	G	1	0.353535353535	19907.6	61497.2
12	113358791	C	T	1	0.353535353535	20804.9	61648.2
12	113358794	T	C	1	0.353535353535	20804.9	61648.2
12	113360468	T	C	1	0.353535353535	20741	62362.5
12	113360563	C	T	1	0.353535353535	20741	62362.5
12	113360575	C	T	1	0.353535353535	20741	62362.5
12	113360786	C	T	1	0.353535353535	20741	62362.5
12	113361158	T	C	1	0.353535353535	20753.1	62362.5
12	113362751	G	C	1	0.378787878788	20964.8	60313.6
12	113371523	C	G	1	0.383838383838	21900.7	68974
12	113372961	G	C	1	0.383838383838	21943	68833.9
12	113373563	G	A	1	0.383838383838	21943	68833.9
12	113376913	A	T	1	0.378787878788	22040.4	70968.2
12	113379123	C	T	1	0.373737373737	19534.7	72137.5
12	113386950	C	T	1	0.353535353535	15905.1	78335.5
12	113405181	C	A	1	0.353535353535	16766.5	78677.8
12	113406460	C	G	0.5	0.353535353535	15485.6	78677.8
12	113406945	A	T	0.5	0.353535353535	15660.8	78677.8
12	113410316	A	G	0.5	0.353535353535	15858.8	78677.8
12	113425154	G	C	0.5	0.358585858586	16577.2	51799
12	113435109	G	A	0.5	0.343434343434	20174.7	70980.5
12	113437706	T	C	0.5	0.338383838384	22303.6	72652.2
12	113439622	G	A	1	0.343434343434	19577.8	71338.9
12	113439881	A	G	1	0.343434343434	19633.8	71338.9
12	113444024	C	T	1	0.348484848485	20250.7	70724.5
12	113447572	T	C	1	0.373737373737	20516.6	64228.9
12	113472014	T	G	0.5	0.378787878788	15397.9	56339.7
