0.0 0.001655 0.3008910501
0.001655 0.00374 0.33670591
0.00374 0.00455333 0.3366974635
0.00455333 0.00706667 0.3453773194
0.00706667 0.00797333 0.3564834334
0.00797333 0.00838167 0.4014312112
0.00838167 0.00991833 0.3967108156
0.00991833 0.01022167 0.3646233161
0.01022167 0.011015 0.2955074056
0.011015 0.013755 0.292265096
0.013755 0.01562833 0.3104425118
0.01562833 0.01800667 0.7138339542
0.01800667 0.018315 4.2589343366
0.018315 0.01834833 7.4859780603
0.01834833 0.020465 7.4823039553
0.020465 0.02113167 0.1680363926
0.02113167 0.02594667 0.1104545246
0.02594667 0.031285 0.110068532
0.031285 0.03302 0.1091970579
0.03302 0.03442 0.1091991563
0.03442 0.04058333 0.3377409889
0.04058333 0.04096 1.3006751422
0.04096 0.04208 1.4521877477
0.04208 0.04218333 1.5619434111
0.04218333 0.04237833 1.663012472
0.04237833 0.04399 1.7136960094
0.04399 0.04567167 2.0284146846
0.04567167 0.04648167 2.3942670694
0.04648167 0.04792167 2.6527000051
0.04792167 0.049305 2.6561643576
0.049305 0.05329333 2.5712211826
0.05329333 0.05449 1.1162459673
0.05449 0.05753833 0.7805479059
0.05753833 0.062305 0.545003083
0.062305 0.06255 0.4179116605
0.06255 0.06261833 0.3137843534
0.06261833 0.06305167 0.2621623443
0.06305167 0.06673333 0.2621524544
0.06673333 0.06693167 0.2621300182
0.06693167 0.06976 0.2619783437
0.06976 0.07118833 0.2619407804
0.07118833 0.072415 0.2621746999
0.072415 0.07453333 0.2622018139
0.07453333 0.07490833 0.2622118525
0.07490833 0.07578333 0.2622152703
0.07578333 0.07844667 0.2616842792
0.07844667 0.07927 0.2600379861
0.07927 0.08383333 0.2596145829
0.08383333 0.08551833 0.2650968923
0.08551833 0.08682667 0.3201546224
0.08682667 0.08700833 0.3869895999
0.08700833 0.08764333 0.5308402802
0.08764333 0.08827667 0.6191848584
0.08827667 0.09403667 0.8652885204
0.09403667 0.09483333 0.8997732663
0.09483333 0.09628333 0.7593749447
0.09628333 0.09806167 0.7555490784
0.09806167 0.10135167 0.6748481414
0.10135167 0.102395 0.7100333068
0.102395 0.10582 1.0328407868
0.10582 0.10965833 1.1734410186
0.10965833 0.10975167 1.3020136632
0.10975167 0.113945 1.2011690386
0.113945 0.11694333 0.2507244621
0.11694333 0.12168 0.2495119945
0.12168 0.12248833 0.2481737319
0.12248833 0.12260167 0.2473069887
0.12260167 0.12875 0.9697342186
0.12875 0.133255 0.476568434
0.133255 0.13386833 0.3949268584
0.13386833 0.13565333 0.3696554602
0.13565333 0.13716167 0.3598489435
0.13716167 0.13723 0.35576615
0.13723 0.13893 0.3558089564
0.13893 0.13914167 0.3558089564
0.13914167 0.14048333 0.3558486654
0.14048333 0.14123 0.35572351
0.14123 0.141715 0.355831826
0.141715 0.142435 0.3557479017
0.142435 0.143365 0.3559172427
0.143365 0.14558833 0.3472651886
0.14558833 0.14785 0.1837035246
0.14785 0.15004667 0.1837035246
0.15004667 0.15152833 0.1396194419
0.15152833 0.15189333 0.1169781736
0.15189333 0.15240833 0.1037624688
0.15240833 0.153225 0.0993782735
0.153225 0.15487667 0.9384604173
0.15487667 0.15607333 1.7829921831
0.15607333 0.156475 0.2372088798
0.156475 0.157535 0.1416334874
0.157535 0.15788 0.1146260694
0.15788 0.15844 0.1062443764
0.15844 0.15866833 0.1036408272
0.15866833 0.15934 0.1030080308
0.15934 0.16122 0.1030536717
0.16122 0.16152333 0.1030536717
0.16152333 0.16153167 0.1029697871
0.16153167 0.16219 0.1267413206
0.16219 0.16221167 0.1652125291
0.16221167 0.16300833 0.1063041088
0.16300833 0.16385833 0.1063041088
0.16385833 0.16471167 0.1069341102
0.16471167 0.16557 0.1071991709
0.16557 0.166405 0.1134590563
0.166405 0.16715333 0.2461076826
0.16715333 0.167305 0.5735077484
0.167305 0.167515 0.9572801594
0.167515 0.16787333 1.1717239207
0.16787333 0.16819167 1.1717384154
0.16819167 0.16839833 0.1474673743
0.16839833 0.169565 0.1481259446
0.169565 0.17079667 0.97630658
0.17079667 0.17092 2.2755179324
0.17092 0.17161 2.5346605986
0.17161 0.17187 2.6245362213
0.17187 0.17209333 2.9215766465
0.17209333 0.17274333 5.3697834262
0.17274333 0.1734 2.705432594
0.1734 0.174155 0.5684475091
0.174155 0.17447333 0.447698257
0.17447333 0.17480833 0.2000857035
0.17480833 0.17583667 0.1934930501
0.17583667 0.177175 0.1940149117
0.177175 0.17790667 0.1851559988
0.17790667 0.17885 0.1813040517
0.17885 0.17890333 0.1776514158
0.17890333 0.179695 0.1738083142
0.179695 0.18170167 0.1522934756
0.18170167 0.18197333 0.1346059866
0.18197333 0.18253 0.1239396255
0.18253 0.18527333 0.1236499582
0.18527333 0.18597 0.1233093676
0.18597 0.18655333 1.20434439
0.18655333 0.18728333 7.3187482478
0.18728333 0.18790833 7.6776798391
0.18790833 0.18966 6.313512681
0.18966 0.18971167 4.890589749
0.18971167 0.19131167 4.1589941497
0.19131167 0.19209 3.3600056663
0.19209 0.19241833 2.5093501788
0.19241833 0.19448667 2.4791382537
0.19448667 0.19505 2.4290168566
0.19505 0.19577833 2.3971340883
0.19577833 0.19636167 2.3837395146
0.19636167 0.19741333 2.3728417763
0.19741333 0.20414667 2.3701632913
0.20414667 0.20449833 2.3351057206
0.20449833 0.20579333 2.3300185675
0.20579333 0.20583667 2.3232192106
0.20583667 0.20664667 2.3190831238
0.20664667 0.2071 2.3153029036
0.2071 0.20824667 2.3032009436
0.20824667 0.212455 2.226415734
0.212455 0.21498833 2.1208424312
0.21498833 0.21502333 2.0166679601
0.21502333 0.2162 1.87761511
0.2162 0.21796167 1.4847496758
0.21796167 0.21985167 1.4305090841
0.21985167 0.22041833 1.418516535
0.22041833 0.221605 1.4185791782
0.221605 0.22233333 1.4969032494
0.22233333 0.22279 7.1176469812
0.22279 0.22281167 14.7643133926
0.22281167 0.225535 14.7655299373
0.225535 0.22555833 14.7655299373
0.22555833 0.22561167 14.7658672347
0.22561167 0.22638667 14.7659768839
0.22638667 0.227045 14.7659768839
0.227045 0.22752833 13.4135864551
0.22752833 0.22814167 1.13585614
0.22814167 0.23004167 1.1350046564
0.23004167 0.23042167 1.1328607019
0.23042167 0.23065333 1.13208498
0.23065333 0.231155 1.1314605197
0.231155 0.23121167 1.1314257076
0.23121167 0.23285333 1.1315112486
0.23285333 0.236765 1.1321279658
0.236765 0.23867667 1.132300257
0.23867667 0.24890333 1.1550302747
0.24890333 0.25689833 2.7739556292
0.25689833 0.25727667 4.15260587
0.25727667 0.26133667 4.7058887714
0.26133667 0.26328167 1.4338295945
0.26328167 0.26342833 2.1848509823
0.26342833 0.26377167 2.5023468569
0.26377167 0.26482167 2.4818331543
0.26482167 0.265345 2.4326663379
0.265345 0.26555 1.8334764181
0.26555 0.26643333 1.8102827213
0.26643333 0.26711833 1.7615788304
0.26711833 0.26774667 1.1066285772
0.26774667 0.26815833 45.4379533502
0.26815833 0.26825333 45.3719070719
0.26825333 0.268505 54.6644264472
0.268505 0.26944 70.3123501318
0.26944 0.27004833 70.3985813198
0.27004833 0.27223167 70.5211569695
0.27223167 0.27252833 70.5211569695
0.27252833 0.27261333 70.5211569695
0.27261333 0.27322167 70.5211569695
0.27322167 0.27383333 70.5211569695
0.27383333 0.27482667 3.5672138669
0.27482667 0.27501167 3.48688016
0.27501167 0.27541167 0.5302656033
0.27541167 0.27580333 0.4599851931
0.27580333 0.27582333 0.4621825667
0.27582333 0.27874333 0.4620362813
0.27874333 0.27969667 0.4617021685
0.27969667 0.28235167 3.9919673708
0.28235167 0.28266 4.230335111
0.28266 0.28289167 4.1665349784
0.28289167 0.283075 0.3543134425
0.283075 0.28454 0.3503598463
0.28454 0.28756 0.372747187
0.28756 0.288415 0.5460359003
0.288415 0.28914833 0.6073793832
0.28914833 0.28921667 0.6711248396
0.28921667 0.28926833 0.669970194
0.28926833 0.29113 0.6664370796
0.29113 0.29154167 0.6586692929
0.29154167 0.29161667 0.6586211105
0.29161667 0.29230833 0.6585962447
0.29230833 0.29436167 0.6586141937
0.29436167 0.29455833 5.1410642249
0.29455833 0.294945 0.338390426
0.294945 0.296615 0.3349561082
0.296615 0.2968 0.3339681285
0.2968 0.29787167 0.3306794718
0.29787167 0.29798833 0.3283124499
0.29798833 0.30002833 0.1368641217
0.30002833 0.30076833 0.0971263569
0.30076833 0.30080667 0.0638292976
0.30080667 0.30162 0.0618023175
0.30162 0.3027 0.0615504744
0.3027 0.303565 0.0615870513
0.303565 0.30845333 0.0616533126
0.30845333 0.30888333 0.0617379424
0.30888333 0.30905833 0.0617379424
0.30905833 0.30955 0.0617903352
0.30955 0.310185 0.0619340313
0.310185 0.31115167 0.0619406829
0.31115167 0.31213167 0.0619915283
0.31213167 0.31465167 2.8330078231
0.31465167 0.315115 0.1340411645
0.315115 0.32039 0.0919753984
0.32039 0.32165333 0.0638369894
0.32165333 0.32361333 0.0635067731
0.32361333 0.32424333 0.0632145323
0.32424333 0.32610833 0.0632074862
0.32610833 0.32949 0.0631869895
0.32949 0.33170833 0.0631068681
0.33170833 0.33780667 0.0612802778
0.33780667 0.34678167 0.0615092275
0.34678167 0.347095 0.061913438
0.347095 0.34751 0.0622729109
0.34751 0.34864667 0.0631982703
0.34864667 0.34899 0.0638150121
0.34899 0.35107833 0.0640003582
0.35107833 0.35222167 0.0641975257
0.35222167 0.352785 0.064182664
0.352785 0.35324333 0.0642283126
0.35324333 0.355265 0.0643419219
0.355265 0.35956 0.0643360458
0.35956 0.35958167 0.0643376112
0.35958167 0.362625 0.0664701132
0.362625 0.36342 0.3511291433
0.36342 0.36376333 0.5617986306
0.36376333 0.363865 2.2517920483
0.363865 0.36426167 2.7091967559
0.36426167 0.36506667 1.3577140593
0.36506667 0.36514167 1.5126656113
0.36514167 0.36517333 1.654403161
0.36517333 0.365235 1.9048625024
0.365235 0.36578333 0.5551083514
0.36578333 0.36599833 0.2405912336
0.36599833 0.366295 0.2381238216
0.366295 0.36657667 0.2388925602
0.36657667 0.368145 0.2541982756
0.368145 0.370965 2.4051509073
0.370965 0.37177667 0.3190849518
0.37177667 0.37379667 0.4529048602
0.37379667 0.3751 0.3642268913
0.3751 0.37513667 0.2976210745
0.37513667 0.37565833 0.2976844802
0.37565833 0.375765 0.2972160843
0.375765 0.37604667 0.2973353331
0.37604667 0.37836167 0.9820440315
0.37836167 0.38085167 0.4481091064
0.38085167 0.38163333 0.4305320827
0.38163333 0.38334 0.4288380611
0.38334 0.38621 0.4317735775
0.38621 0.38873167 7.1146390349
0.38873167 0.39237333 61.5341904656
0.39237333 0.39276667 61.5341904656
0.39276667 0.3928 61.5341904656
0.3928 0.39281 61.5341904656
0.39281 0.39288333 61.5341904656
0.39288333 0.39375667 6.0939365866
0.39375667 0.39527 6.0906839375
0.39527 0.39621667 0.3746150949
0.39621667 0.39904333 0.373847655
0.39904333 0.40266167 0.3738803462
0.40266167 0.40319667 0.3738803462
0.40319667 0.40360167 0.3740588489
0.40360167 0.40432833 0.374239555
0.40432833 0.40562333 0.374239555
0.40562333 0.40695167 0.3742955428
0.40695167 0.40861 0.3824410149
0.40861 0.40875833 0.404103356
0.40875833 0.40949667 1.864262848
0.40949667 0.41457833 1.8200276772
0.41457833 0.41474667 1.7779156118
0.41474667 0.41478167 0.865466607
0.41478167 0.41601167 0.8241212314
0.41601167 0.41614167 0.7848201887
0.41614167 0.41799167 0.1580403745
0.41799167 0.41919833 0.145326379
0.41919833 0.42865333 0.1456215734
0.42865333 0.42868 0.1456215734
0.42868 0.42872667 0.1456215734
0.42872667 0.42884333 0.1461382414
0.42884333 0.42906833 0.1461382414
0.42906833 0.430175 0.1461382414
0.430175 0.43131667 0.1461382414
0.43131667 0.43192667 0.1461382414
0.43192667 0.43197833 0.1461382414
0.43197833 0.432195 0.1461382414
0.432195 0.43262667 0.1461382414
0.43262667 0.43283667 0.1461382414
0.43283667 0.43337333 0.1461377292
0.43337333 0.433835 0.1461377292
0.433835 0.43411167 0.1461377292
0.43411167 0.43427 0.1461377292
0.43427 0.43429 0.1461377292
0.43429 0.43464167 0.1461479654
0.43464167 0.43519333 0.1510423019
0.43519333 0.43526167 0.1517207913
0.43526167 0.43528833 0.1524281779
0.43528833 0.435955 2.2843471982
0.435955 0.43676167 0.4152062396
0.43676167 0.43734333 0.2690013886
0.43734333 0.43736667 0.1509215259
0.43736667 0.43828833 0.1508205042
0.43828833 0.43832667 0.1507278024
0.43832667 0.43851333 0.1506971295
0.43851333 0.43862833 0.1506189207
0.43862833 0.439485 0.1506189207
0.439485 0.43995167 0.1506189207
0.43995167 0.44193333 0.1506189207
0.44193333 0.442 0.1506189207
0.442 0.44242 0.1506189207
0.44242 0.44263333 0.1506189207
0.44263333 0.44281 0.1506189207
0.44281 0.44300333 0.1506189207
0.44300333 0.443045 0.1506189207
0.443045 0.44448333 0.1841852785
0.44448333 0.44480167 0.1841852785
0.44480167 0.44551333 0.1841852785
0.44551333 0.44557 0.1841852785
0.44557 0.44570167 0.1841852785
0.44570167 0.44599 0.1841852785
0.44599 0.44649 0.1841852785
0.44649 0.44687333 0.1841852785
0.44687333 0.44708 0.1842017048
0.44708 0.44767333 0.1843402589
0.44767333 0.44788833 0.2111820399
0.44788833 0.44862667 0.2136405724
0.44862667 0.449405 0.2534780308
0.449405 0.44959667 0.3569119099
0.44959667 0.44966 0.3762817923
0.44966 0.45071 0.3933354318
0.45071 0.45160833 6.603374741
0.45160833 0.451855 0.2614818712
0.451855 0.45423 0.2664943598
0.45423 0.45467167 0.2664943598
0.45467167 0.454775 0.2728653034
0.454775 0.45571333 0.2794613086
0.45571333 0.45597833 0.2794583664
0.45597833 0.45640667 0.2905049435
0.45640667 0.45669333 0.3011758603
0.45669333 0.45677667 0.3156249663
0.45677667 0.45750833 0.3140055057
0.45750833 0.45791167 0.3022908516
0.45791167 0.45839167 0.2953085696
0.45839167 0.45997 0.2953085696
0.45997 0.46055 0.2946923776
0.46055 0.460645 0.2941736098
0.460645 0.46075167 0.2941736098
0.46075167 0.46346667 0.2941736098
0.46346667 0.46472333 0.2928796655
0.46472333 0.46564833 0.2928796655
0.46564833 0.46667833 0.3236143204
0.46667833 0.46702 0.4895642064
0.46702 0.467845 1.93160315
0.467845 0.46869333 2.9707864386
0.46869333 0.46949 2.3561821912
0.46949 0.469925 2.3540494407
0.469925 0.47238333 2.1732027559
0.47238333 0.47540833 1.012604511
0.47540833 0.47562333 0.1353491005
0.47562333 0.477705 0.1265663071
0.477705 0.47796333 0.1218892549
0.47796333 0.47824833 0.1188690045
0.47824833 0.48088167 0.1188538818
0.48088167 0.48414667 0.1201072152
0.48414667 0.48446333 0.1218184272
0.48446333 0.48457833 0.1231935413
0.48457833 0.49604833 0.1361195442
0.49604833 0.49615 0.1494690359
0.49615 0.49649333 0.1645414349
0.49649333 0.49689667 0.1792725684
0.49689667 0.49726667 0.1792725684
0.49726667 0.49736833 0.197026807
0.49736833 0.49819667 0.280346202
0.49819667 0.49863 0.6888022186
0.49863 0.499825 0.6947422291
0.499825 0.50265 0.2334672071
0.50265 0.50582667 0.2334610733
0.50582667 0.50613833 0.233562662
0.50613833 0.50665667 0.2333844562
0.50665667 0.50863333 0.2333844562
0.50863333 0.50964 0.2446682517
0.50964 0.51116333 0.2621674845
0.51116333 0.511485 0.2751006512
0.511485 0.51151 0.2865713023
0.51151 0.51157333 0.2865713023
0.51157333 0.511985 0.3092591969
0.511985 0.51263 0.3651465834
0.51263 0.51311667 0.5018116727
0.51311667 0.51332 0.7416620957
0.51332 0.51367833 1.4539495626
0.51367833 0.51478833 0.9482960007
0.51478833 0.51499333 0.7545864432
0.51499333 0.51543167 0.7112033594
0.51543167 0.515855 0.7009216463
0.515855 0.51632167 0.6928832941
0.51632167 0.516615 0.6928832941
0.516615 0.51663333 0.6817540856
0.51663333 0.51719167 0.6817540856
0.51719167 0.51829 0.6726316243
0.51829 0.51978333 0.6726316243
0.51978333 0.521545 0.6685903983
0.521545 0.52170667 0.662209055
0.52170667 0.52361167 1.8744475263
0.52361167 0.52610167 1.6990726828
0.52610167 0.52610333 1.4176591806
0.52610333 0.526255 0.6373511061
0.526255 0.52775333 0.5759019821
0.52775333 0.53001 0.5291575403
0.53001 0.531415 0.5185277129
0.531415 0.53149667 0.5104454524
0.53149667 0.53425 0.5112829942
0.53425 0.53644667 0.5113983754
0.53644667 0.53662667 0.5114110205
0.53662667 0.53791667 0.5115637893
0.53791667 0.54076167 0.5152605497
0.54076167 0.54079 0.5198852792
0.54079 0.54083333 0.5231798243
0.54083333 0.54148667 0.5299019243
0.54148667 0.542135 0.5374846192
0.542135 0.54256 0.5509041711
0.54256 0.54279667 0.6112044843
0.54279667 0.54363167 2.0340971401
0.54363167 0.54604167 0.5673301239
0.54604167 0.54737 0.567526298
0.54737 0.54786 0.579241156
0.54786 0.54850167 0.6107123115
0.54850167 0.54911167 0.6229678724
0.54911167 0.54949167 0.6221209855
0.54949167 0.55011667 0.6269855132
0.55011667 0.55139167 0.6404847871
0.55139167 0.551565 0.6557323375
0.551565 0.55200333 0.6118889049
0.55200333 0.55386333 0.6129512914
0.55386333 0.55593833 0.6126158287
0.55593833 0.55597667 0.6174230487
0.55597667 0.55882 0.6150386401
0.55882 0.55908167 0.6136203466
0.55908167 0.56137 0.6137065707
0.56137 0.56452833 0.6136673897
0.56452833 0.56646667 0.6136234286
0.56646667 0.5682 0.6206925886
0.5682 0.57042667 0.6206969852
0.57042667 0.57196667 0.9109333329
0.57196667 0.57337167 0.9116267631
0.57337167 0.57352667 1.3599480584
0.57352667 0.57402833 1.41260479
0.57402833 0.57423667 1.454964445
0.57423667 0.57474 1.4941207292
0.57474 0.57627833 1.4939001913
0.57627833 0.57635167 1.4924443549
0.57635167 0.57668 1.4925119409
0.57668 0.576995 1.490048788
0.576995 0.57835167 1.6769656629
0.57835167 0.57850333 2.8748554687
0.57850333 0.579285 2.1104870385
0.579285 0.58047833 1.3148336825
0.58047833 0.581085 1.309941995
0.581085 0.58185833 1.3099004111
0.58185833 0.58284 1.3019089778
0.58284 0.58342833 1.2992837235
0.58342833 0.58364333 2.3512118289
0.58364333 0.58433 1.2908544905
0.58433 0.58483167 1.2865806027
0.58483167 0.58746667 1.2859673368
0.58746667 0.58840667 0.7378339583
0.58840667 0.58925333 0.2682024874
0.58925333 0.58977 0.1392128996
0.58977 0.59123667 0.1386664819
0.59123667 0.59149167 0.1375256941
0.59149167 0.59160667 0.136701298
0.59160667 0.59162833 0.1360172064
0.59162833 0.59487333 0.1356455831
0.59487333 0.595655 0.1358703119
0.595655 0.59602667 0.135640644
0.59602667 0.59654 0.1353868523
0.59654 0.59779333 0.135896705
0.59779333 0.59896333 0.135493682
0.59896333 0.60055667 0.1349520756
0.60055667 0.60147333 0.6547438591
0.60147333 0.60268667 0.1519371433
0.60268667 0.60325 0.1517490716
0.60325 0.60349167 0.1356302953
0.60349167 0.60372 0.1356629492
0.60372 0.605075 0.1359265021
0.605075 0.60598833 0.1370294967
0.60598833 0.60774667 0.1678779938
0.60774667 0.60796 0.2060763135
0.60796 0.60894333 0.2346661821
0.60894333 0.61077 0.5051540898
0.61077 0.61084833 1.1127395586
0.61084833 0.61187667 0.3673074115
0.61187667 0.61197833 0.3405195141
0.61197833 0.61248333 0.3405195141
0.61248333 0.61382667 0.3405195141
0.61382667 0.61453333 0.3776879071
0.61453333 0.61461333 0.6547144634
0.61461333 0.61468 2.214813233
0.61468 0.61545667 0.7630263825
0.61545667 0.61619 0.4876746762
0.61619 0.61685833 0.3462512202
0.61685833 0.61854 0.3462299139
0.61854 0.619765 0.3494219923
0.619765 0.62002167 0.3494219923
0.62002167 0.62240833 0.390522833
0.62240833 0.62285667 0.4389071248
0.62285667 0.62383 0.4389071248
0.62383 0.63011833 1.2641046513
0.63011833 0.63349167 1.2041283451
0.63349167 0.63418167 1.1803141037
0.63418167 0.63700667 1.1804337741
0.63700667 0.64266333 1.1980346421
0.64266333 0.64656833 1.1827727778
0.64656833 0.64794833 1.1832011808
0.64794833 0.65297167 1.1791665271
0.65297167 0.65940833 1.1885427046
0.65940833 0.66269667 1.2075247668
0.66269667 0.66490833 1.2371374728
0.66490833 0.66894333 1.2807982581
0.66894333 0.67195 1.3198884248
0.67195 0.67454 1.3198635914
0.67454 0.67850167 1.371835839
0.67850167 0.67997 1.4474605575
0.67997 0.68271167 1.514564611
0.68271167 0.68469333 1.5255499505
0.68469333 0.68538167 1.5274419313
0.68538167 0.68764 1.5263350053
0.68764 0.68824 1.526136071
0.68824 0.68961333 1.5258428656
0.68961333 0.68962 1.5276564252
0.68962 0.69488167 1.5270636865
0.69488167 0.69969167 1.5258406901
0.69969167 0.70462167 27.4722842777
0.70462167 0.70584 27.8787077135
0.70584 0.70831 27.8787077135
0.70831 0.70946 27.8550200749
0.70946 0.71047167 3.4365967755
0.71047167 0.71076833 0.4383581296
0.71076833 0.71431167 0.4392513854
0.71431167 0.714885 0.4401076505
0.714885 0.71765167 0.4382841825
0.71765167 0.71816333 0.4384495866
0.71816333 0.72102667 0.4745975985
0.72102667 0.72147333 4.4880418236
0.72147333 0.72187167 0.1917552531
0.72187167 0.72649333 0.1917560345
0.72649333 0.72820667 0.1917560345
0.72820667 0.72854167 0.1907297633
0.72854167 0.7287 0.1896806669
0.7287 0.72962 0.1896806669
0.72962 0.73005333 0.1884395079
0.73005333 0.733035 0.1857681424
0.733035 0.736565 0.1857680858
0.736565 0.73871667 0.1850845061
0.73871667 0.73971167 0.1846852498
0.73971167 0.74029167 0.1834158067
0.74029167 0.74031333 0.1807983707
0.74031333 0.741455 1.5883559251
0.741455 0.74268167 0.3205800757
0.74268167 0.74292833 0.228075746
0.74292833 0.74297667 0.1748330363
0.74297667 0.74424 0.1748487906
0.74424 0.74693 0.1793608656
0.74693 0.74707 0.1864310398
0.74707 0.74708667 0.1934207226
0.74708667 0.74729 0.2006256091
0.74729 0.75055667 0.5434964726
0.75055667 0.75186667 0.5759154977
0.75186667 0.75194833 0.602105305
0.75194833 0.75231833 0.6180492199
0.75231833 0.75254 0.6313798398
0.75254 0.75287333 0.6314088446
0.75287333 0.75332167 0.6295119063
0.75332167 0.75567833 0.6297423495
0.75567833 0.7558 0.6294966784
0.7558 0.75738 0.5921834206
0.75738 0.75769 0.5459291391
0.75769 0.75781333 0.4874585951
0.75781333 0.75785333 0.4141461046
0.75785333 0.75883167 0.159216067
0.75883167 0.76064167 0.1595606461
0.76064167 0.76068667 0.1000400555
0.76068667 0.76440667 0.1015959586
0.76440667 0.764785 0.1092228254
0.764785 0.76817167 1.3818521033
0.76817167 0.76847167 1.6731866964
0.76847167 0.76886167 9.7685438787
0.76886167 0.77079 0.1406161607
0.77079 0.78053 0.1405723114
0.78053 0.78132667 0.1404430057
0.78132667 0.78694167 0.1404499303
0.78694167 0.78872667 0.1557799764
0.78872667 0.79017167 0.7977084842
0.79017167 0.790455 2.3150824591
0.790455 0.79700333 1.4424027477
0.79700333 0.797565 0.290373524
0.797565 0.81355 0.9421896924
0.81355 0.81483333 0.9422512673
0.81483333 0.82113333 0.9976307953
0.82113333 0.82452333 0.0836011533
0.82452333 0.82668 0.0323774782
0.82668 0.84028 0.0322922726
0.84028 0.84398 0.0322959939
0.84398 0.845835 0.0323409514
0.845835 0.84637 0.032352282
0.84637 0.84934833 0.0323699104
0.84934833 0.850735 0.0323835239
0.850735 0.85096167 0.0324053594
0.85096167 0.85803833 0.0324926573
0.85803833 0.86338833 0.0326347013
0.86338833 0.86411167 0.0327310765
0.86411167 0.86918167 0.0328018219
0.86918167 0.88324667 0.0330532737
0.88324667 0.88839667 0.0330532737
0.88839667 0.89573667 0.0332974852
0.89573667 0.89825833 0.0335940252
0.89825833 0.909275 0.0339126448
0.909275 0.910515 0.0341644891
0.910515 0.91318167 0.0343771655
0.91318167 0.93209833 0.0344251454
0.93209833 0.93291833 0.034488988
0.93291833 0.94136167 0.0345601006
0.94136167 0.94166833 0.0345601006
0.94166833 0.94810333 0.0345709868
0.94810333 0.95322167 0.0348550715
0.95322167 0.95429333 0.0349202241
0.95429333 0.95531 0.0350483188
0.95531 0.95545667 0.035611282
0.95545667 0.95743333 0.0353596464
0.95743333 0.96241667 0.0354210863
0.96241667 0.96515667 0.0425984092
0.96515667 0.965855 0.0355962792
0.965855 0.96749 0.0350447448
0.96749 0.96876333 0.0348684818
0.96876333 0.96985667 0.0348684818
0.96985667 0.97004833 0.0346885455
0.97004833 0.97078167 0.0346553375
0.97078167 0.97186 0.0346553375
0.97186 0.97976333 0.0346553375
0.97976333 0.98433 0.0346746352
0.98433 0.98523333 0.0346746352
0.98523333 0.99621167 0.0346746352
0.99621167 1.0 0.0346648668
